1 1715 192 164 568
2 5018 284 223 1094
3 7533 417 327 1695
4 16081 638 519 2579
5 13154 858 726 3208
6 40949 1046 959 3826
7 17471 1249 1341 4803
8 35912 2750 1689 6067
9 21973 2073 1878 6226
10 26942 1983 2490 7554
11 30576 2072 2891 8118
12 31979 2325 3393 9262
13 32412 2450 3658 9485
14 33357 2476 3962 9992
15 24519 1920 3135 6548
16 24913 1979 3540 6935
17 26430 2261 3972 7838
18 27180 2348 4263 8118
19 35258 2603 5688 8962
20 29195 2621 5154 9341
21 45385 3520 7588 13217
22 60321 4534 10282 19248
23 58235 4834 10974 19141
24 64510 5217 12058 20777
25 51222 4164 9829 15136
26 60098 4896 12554 21116
27 73376 5754 15248 27393
28 80093 5693 16260 22562
29 63280 5074 13281 19453
30 81037 6478 19127 39266
31 49795 4444 12342 15573
32 83056 6786 23542 25682
33 95540 7256 24279 34545
34 94032 7197 23180 56921
35 99515 8595 24993 31714
36 107294 8450 30464 33915
37 105219 8211 35954 34230
38 90383 8849 25661 28051
39 71480 6196 20616 21236
40 67179 6258 21119 21647
41 95197 7407 25526 26866
42 75153 6577 22481 22385
43 138236 9347 36455 37585
44 104927 9427 35073 36078
45 178974 11175 39524 53383
46 115482 9393 53811 45431
47 86101 8214 31828 32538
48 105823 9163 37217 37306
49 139030 11855 61011 46578
50 90250 10542 35811 31488
51 151285 12111 58267 59085
52 161943 13137 56983 51661
53 149975 12603 55016 48880
54 99005 11875 43531 36246
55 111728 10166 44573 36137
56 97453 9593 42179 33059
57 115724 10720 47912 40827
58 160010 15957 68671 412330
59 253256 14952 66540 61386
60 116677 10229 46783 35500
61 108633 10047 46612 34241
62 122871 12791 52521 38878
63 100199 10427 50144 35735
64 113815 11075 53435 38739
65 113037 11290 55996 40111
66 146765 13427 69470 51046
67 121519 12205 59783 45389
68 128621 13224 74003 47477
69 127838 12870 64924 43453
70 136354 12346 64804 42610
71 127384 12719 66505 43482
72 122001 12507 68721 43228
73 129120 13304 70538 46304
74 142925 13648 75365 47231
75 151686 14951 87957 52341
76 126305 13769 75673 46136
77 125819 13386 77801 45455
78 142330 13615 76801 46012
79 132819 15384 83910 47541
80 130166 14118 82630 47046
81 134230 14572 86179 50546
82 164352 15896 97294 56402
83 151304 15032 92187 54151
84 139859 15401 94345 52085
85 152618 15724 94515 52795
86 139280 16109 95232 52090
87 142003 15317 95995 52210
88 147850 15932 100035 54555
89 147286 16930 101339 53670
90 152280 15996 101370 53982
91 145987 16098 104824 54338
92 148987 16531 107347 57059
93 152806 16519 109377 57248
94 157449 17046 111811 56242
95 155021 17138 112459 58402
96 153698 17339 120030 57213
97 160106 18666 118905 59275
98 162237 17694 118972 58762
99 160548 17798 121745 60527
100 164322 17972 126265 61027
