100 161547 18184 126646 60428
200 328543 41120 496799 133152
300 493584 65738 1138057 218243
400 660047 91768 1992209 299052
500 852735 119712 3160318 381227
600 1130231 154749 4747591 495207
700 1222932 180224 6165649 570470
800 1364643 205254 7965745 648897
900 1555721 236907 10097293 729958
1000 1702269 261160 12333484 815870
1100 1875636 294748 14979118 913032
1200 2066571 324468 17878123 1016574
1300 2253215 354115 20831795 1098267
1400 2418682 387244 24047108 1192787
1500 2590202 413927 27866992 1283418
1600 2740561 443954 31521332 1402996
1700 2941172 481167 35790449 1478073
1800 3151337 508684 39789414 1581741
1900 3284628 546726 44465635 1676396
2000 3452910 574869 48999455 1767155
2100 3634979 608300 54410822 1874279
2200 3803412 644402 59704887 1993834
2300 3970888 677655 65093420 2063951
2400 4204260 715957 71491328 2171514
2500 4460772 733969 76701087 2281773
2600 4484175 775120 83162491 2356128
2700 4669904 807634 89407592 2471087
2800 4899482 832853 96213531 2576631
2900 5018899 863400 103333465 2668689
3000 5204947 913974 111450515 2788895
3100 5410579 963462 118395965 2889631
3200 5618025 995515 126208766 3031607
3300 5748686 997291 133394689 3094610
3400 5918192 1031296 141859206 3190721
3500 6150135 1081965 150732297 3293264
3600 6297682 1103811 158553653 3386375
3700 6671652 1182594 173007698 3604283
3800 6865936 1212976 181425379 3725733
3900 6690540 1199894 186834054 3694270
4000 6997645 1245525 196118029 3828406
4100 7082400 1272659 204408012 3902974
4200 7350653 1329658 218780876 4059088
4300 7489190 1355433 228315477 4107564
4400 7812412 1410863 239953752 4296027
4500 8403820 1443521 250178013 4354558
4600 8220234 1450661 260009916 4432648
4700 8508616 1505629 273223241 4529275
4800 8487665 1511905 284051057 4635707
4900 8640509 1546771 295778542 4775051
5000 9126821 1628040 308022201 4940791
